num_components =3
# winning combo (with 2 components)
#models="VEVE"
rres = teigen.teigen(XR, Gs=num_components, scale=False,
                     dfupdate="numeric", models="VEVE")


 nu [1] 124.4546 124.4546 124.4546

mean [[ 19.72503999  49.82259556 199.70557047]
 [ 19.77574018  49.56061224 199.4045542 ]
 [ 19.75742569  49.75635578 199.7125404 ]]
scale [[[-0.57309643 -0.58260994 -0.57630386]
  [ 0.02290821 -0.7143636   0.69939965]
  [ 0.81916769 -0.38762135 -0.42274578]]

 [[ 0.56247505  0.59130217  0.57791311]
  [ 0.71558368  0.00200961 -0.69852413]
  [ 0.41420021 -0.80644759  0.42199583]]

 [[ 0.57873862  0.56836251  0.58482961]
  [ 0.68887034  0.04311932 -0.72360098]
  [ 0.43648512 -0.8216476   0.36657326]]]

  weights [0.0343884  0.41961356 0.54599804] (3,)