{
 "cells": [
  {
   "cell_type": "code",
   "execution_count": 1,
   "metadata": {},
   "outputs": [],
   "source": [
    "import numpy as np\n",
    "import cv2\n",
    "import scipy.stats as stats\n",
    "import mpmath as mp\n",
    "import matplotlib.pyplot as plt\n",
    "import seaborn as sns\n",
    "import skimage\n",
    "from numba import jit, prange\n",
    "import time"
   ]
  },
  {
   "cell_type": "code",
   "execution_count": 2,
   "metadata": {},
   "outputs": [
    {
     "data": {
      "text/plain": [
       "<Figure size 432x288 with 0 Axes>"
      ]
     },
     "metadata": {},
     "output_type": "display_data"
    }
   ],
   "source": [
    "plt.gray()"
   ]
  },
  {
   "cell_type": "code",
   "execution_count": 3,
   "metadata": {},
   "outputs": [
    {
     "name": "stdout",
     "output_type": "stream",
     "text": [
      "15\n"
     ]
    }
   ],
   "source": [
    "print(np.finfo(np.double).precision)"
   ]
  },
  {
   "cell_type": "code",
   "execution_count": 4,
   "metadata": {},
   "outputs": [],
   "source": [
    "def see(img):\n",
    "    plt.imshow(img)\n",
    "    plt.show()"
   ]
  },
  {
   "cell_type": "code",
   "execution_count": 5,
   "metadata": {},
   "outputs": [],
   "source": [
    "def getHSV_Image_and_Mask(img,mask):\n",
    "    # import images (will be in bgr because of cv2)\n",
    "    img_bgr = cv2.imread(img)\n",
    "    mask_bgr = cv2.imread(mask)\n",
    "\n",
    "    # make a true/false array since mask is assumed to be a png.\n",
    "    m = mask_bgr[:,:,0]>1\n",
    "    \n",
    "    # get r,g, and b of img_bgr:\n",
    "    img_r = img_bgr[:,:,2]\n",
    "    img_g = img_bgr[:,:,1]\n",
    "    img_b = img_bgr[:,:,0]\n",
    "    \n",
    "    # convert img_bgr to HSV:\n",
    "    img_hsv = cv2.cvtColor(img_bgr,cv2.COLOR_BGR2HSV)\n",
    "    \n",
    "    # get H, S and V of img_hsv\n",
    "    img_H = img_hsv[:,:,0]\n",
    "    img_S = img_hsv[:,:,1]\n",
    "    img_V = img_hsv[:,:,2]\n",
    "    \n",
    "#     print('r,g,b,h,s,v, mask')\n",
    "#     see(img_r)\n",
    "#     see(img_g)\n",
    "#     see(img_b)\n",
    "#     see(img_H)\n",
    "#     see(img_S)\n",
    "#     see(img_V)\n",
    "#     see(m)\n",
    "    \n",
    "    return(img_r,img_g,img_b,img_H,img_S,img_V, m)"
   ]
  },
  {
   "cell_type": "code",
   "execution_count": 6,
   "metadata": {},
   "outputs": [],
   "source": [
    "def extract_coins(img, mask):\n",
    "#     returns location of pixels in coins, given a mask\n",
    "#    assumes 255 corresponds to a coin pixel location\n",
    "    i, j = np.where(mask == True)\n",
    "    coins=img[i,j]\n",
    "    return coins"
   ]
  },
  {
   "cell_type": "code",
   "execution_count": 7,
   "metadata": {},
   "outputs": [],
   "source": [
    "def extract_desk(img, mask):\n",
    "#     returns location of pixels in coins, given a mask\n",
    "#    assumes 255 corresponds to a coin pixel location\n",
    "    i, j = np.where(mask == False)\n",
    "    desk=img[i,j]\n",
    "    return desk"
   ]
  },
  {
   "cell_type": "code",
   "execution_count": 8,
   "metadata": {},
   "outputs": [],
   "source": [
    "def getHSV_unraveled(img):\n",
    "    # import images (will be in bgr because of cv2)\n",
    "    img_bgr = cv2.imread(img)\n",
    "\n",
    "    \n",
    "    # get r,g, and b of img_bgr:\n",
    "#     img_r = img_bgr[:,:,2]\n",
    "#     img_g = img_bgr[:,:,1]\n",
    "#     img_b = img_bgr[:,:,0]\n",
    "    \n",
    "    # convert img_bgr to HSV:\n",
    "    img_hsv = cv2.cvtColor(img_bgr,cv2.COLOR_BGR2HSV)\n",
    "    \n",
    "    # get H, S and V of img_hsv\n",
    "    img_H = np.ravel(img_hsv[:,:,0])\n",
    "    img_S = np.ravel(img_hsv[:,:,1])\n",
    "    img_V = np.ravel(img_hsv[:,:,2])\n",
    "\n",
    "    data = np.stack((img_H,img_S,img_V))\n",
    "    return(data)"
   ]
  },
  {
   "cell_type": "markdown",
   "metadata": {},
   "source": [
    "# EM Algorithm ( Fitting MoG)\n",
    "## based on pseudocode from Algorithms Implementations in MATLAB by Stavrev and Prince, <br> Algorithms (Prince), Algorithm 7.1, <br> and equations from CVM (Prince) Chapter 7"
   ]
  },
  {
   "cell_type": "code",
   "execution_count": 9,
   "metadata": {},
   "outputs": [],
   "source": [
    "def E(X, K,μ,Σ,λ):\n",
    "    \n",
    "    \n",
    "    #  Compute numerator for qi(hi) = Pr(hi = k|xi ,θ[t]):\n",
    "    #  λ_k*Norm_xi[μ_k , Σ_k ]\n",
    "    # for each Gaussian (k)\n",
    "    numerators = np.zeros((K,X.shape[0]))\n",
    "    for k in range(K):\n",
    "        numerators[k] = stats.multivariate_normal.pdf(X, μ[k], Σ[k],allow_singular=True)*λ[k]\n",
    "        # this part is relatively fast\n",
    "\n",
    "\n",
    "    denominator = np.sum(numerators,axis=0)\n",
    "    print('denominator',denominator.shape)\n",
    "    print('numerators',numerators.shape)\n",
    "\n",
    "    # Compute posterior (responsibilities) by normalizing\n",
    "    responsibilities = numerators/denominator\n",
    "    print(responsibilities[0])\n",
    "    print(np.sum(responsibilities[0]))\n",
    "#     print('responsibilities',responsibilities.shape)\n",
    "    rsum = np.sum(responsibilities,axis=1)\n",
    "    print('rsum',rsum)\n",
    "    return responsibilities, rsum"
   ]
  },
  {
   "cell_type": "code",
   "execution_count": 10,
   "metadata": {},
   "outputs": [],
   "source": [
    "\n",
    "@jit\n",
    "def EM(X, K, precision):\n",
    "#     Input: X - each row is one datapoint.\n",
    "#            K - number of Gaussians in the mixture.\n",
    "#            precision - the algorithm stops when the difference between \n",
    "#                        the previous and the new likelihood is < precision.\n",
    "#                        Typically this is a small number like 0.01. \n",
    "#    Output:\n",
    "#        λ      - λ(k) is the weight for the k-th Gaussian.\n",
    "#        μ      - mu(k,:) is the mean for the k-th Gaussian.\n",
    "#        Σ      - Σ{k} is the covariance matrix for the k-th Gaussian.\n",
    "#     rs = np.random.RandomState(seed=0)\n",
    "\n",
    "    # Initialize λ to 1/K (footnote in algorithm 7.1)\n",
    "    λ = (1/K)*np.ones(K)\n",
    "#     print('original λ,λ.shape',λ,λ.shape)\n",
    "\n",
    "    # Initialize μ to the values of K randomly chosen (unique) datapoints \n",
    "    # Note that X must have more than K entries for this to work.\n",
    "    μ = X[np.random.choice(len(X), size=K, replace=False)].astype('float64')\n",
    "    print('original μ,μ.shape',μ,μ.shape)\n",
    "\n",
    "    # Initialize the variances in sig to the variance of the dataset.\n",
    "    initial_variance = np.cov(X.T) # X in cov and X in pdf, must be different to each other (i.e X xor X.T). very stupid.\n",
    "    Σ = np.zeros((K, initial_variance.shape[1], initial_variance.shape[1]))\n",
    "    for i in range(K):\n",
    "        Σ[i,:,:] = initial_variance\n",
    "    \n",
    "    print('Σ,Σ.shape',Σ,Σ.shape)\n",
    "#---------------------   EM algorithm: ---------------------------------------------------\n",
    "    \n",
    "    tol = 1000000 # random init ?? maybe not. Let's see\n",
    "    iterations = 0\n",
    "    MAX_ITERATIONS = 10\n",
    "    while(np.abs(tol) > precision):\n",
    "        \n",
    "#---------------------   EM step: ---------------------------------------------------\n",
    "\n",
    "    # Expectation Step\n",
    "        \n",
    "        #  Compute numerator for qi(hi) = Pr(hi = k|xi ,θ[t]):\n",
    "        #  λ_k*Norm_xi[μ_k , Σ_k ]\n",
    "        # for each Gaussian (k)\n",
    "#         numerators = np.zeros((K,X.shape[0]))\n",
    "#         for k in range(K):\n",
    "#             numerators[k] = stats.multivariate_normal.pdf(X, μ[k], Σ[k],allow_singular=True)*λ[k]\n",
    "            \n",
    "            \n",
    "#         denominator = np.sum(numerators,axis=0)\n",
    "\n",
    "#         # Compute posterior (responsibilities) by normalizing\n",
    "#         responsibilities = numerators/denominator\n",
    "#         print('responsibilities',responsibilities)\n",
    "#         rsum = np.sum(responsibilities,axis=1)\n",
    "\n",
    "\n",
    "\n",
    "        responsibilities,rsum = E(X, K,μ,Σ,λ)\n",
    "\n",
    "\n",
    "\n",
    "    \n",
    "\n",
    "\n",
    "\n",
    "        \n",
    "    # Maximization Step (eqn (7.19) in CVM (Prince))\n",
    "        \n",
    "        \n",
    "        newmu = np.zeros((K,X.shape[1]))\n",
    "        \n",
    "        for k in range(K):\n",
    "        # update λ's\n",
    "            print('before λ[k]',λ[k])\n",
    "            λ[k] = rsum[k]/np.sum(rsum) \n",
    "            print('λ[k]',λ[k])\n",
    "        # update μ's\n",
    "            t0 = time.time()\n",
    "\n",
    "#             for i in range(X.shape[0]):\n",
    "# #                 pass\n",
    "#             print('rsum[k]',rsum[k])\n",
    "            newmu[k] = np.sum(responsibilities[k].reshape(len(X),1)*X, axis = 0 ) /rsum[k]\n",
    "#     newmu[k] +responsibilities[k,i]*X[i]\n",
    "                  \n",
    "        \n",
    "#             newmu[k] = newmu[k]/rsum[k]\n",
    "#             print('newmu[',k,']/rsum',newmu[k])\n",
    "            μ[k] = newmu[k]\n",
    "            t1 = time.time()\n",
    "            total = t1-t0\n",
    "#             print('total time for μ[k] ',total)\n",
    "            print('μ[k]',μ[k])\n",
    "\n",
    "\n",
    "        # update Σ's \n",
    "            t0 = time.time()\n",
    "#             Σ[k] = 0.0\n",
    "            \n",
    "            Σ[k] = np.dot((responsibilities[k].reshape(len(X),1)*(X-μ[k])).T, X-μ[k])/rsum[k]\n",
    "#             print('Σ,Σ.shape',Σ,Σ.shape)\n",
    "#             for i in range(X.shape[0]):\n",
    "# # #                 pass\n",
    "#                 Σ[k] += responsibilities[k,i] * (X[i]-μ[k]).reshape((-1,1))@(X[i]-μ[k]).reshape((-1,1)).T\n",
    "\n",
    "#             Σ[k] = Σ[k]/rsum[k]\n",
    "            \n",
    "            t1 = time.time()\n",
    "            total = t1-t0\n",
    "#             print('total time for Σ[k]',total)  \n",
    "\n",
    "\n",
    "\n",
    "\n",
    "# print('Σ[k],Σ[k].shape',Σ[k],Σ[k].shape)\n",
    "#         print('Σ,Σ.shape',Σ,Σ.shape)\n",
    "\n",
    "#----------- End M step\n",
    "\n",
    "\n",
    "#  ------------------------------- END OF EM STEP _____________________________________\n",
    "\n",
    "\n",
    "       # Compute the log likelihood L. Note this step is only in the Algorithms (Prince) book. Not the Prince textbook.\n",
    "        # This Prince guy is pretty inconsistent/infuriating. Even if he is a Cambridge grad.\n",
    "        \n",
    "        temp = np.zeros((K,X.shape[0]))\n",
    "        for k in range(K):\n",
    "#             print('Σ[k],det',Σ[k],np.linalg.det(Σ[k]))\n",
    "\n",
    "            temp[k] = stats.multivariate_normal.pdf(X, μ[k], Σ[k],allow_singular=True)*λ[k]\n",
    "#         print('temp before, shape',temp, temp.shape)\n",
    "        temp = np.sum(temp,0) # sum the K rows\n",
    "#         print('temp, shape',temp, temp.shape)\n",
    "        temp = np.log(temp) # take the log of each element\n",
    "#         print('temp log, shape',temp, temp.shape)\n",
    "        L = sum(temp)\n",
    "#         print('likelihood, shape:',L,L.shape)\n",
    "        \n",
    "        \n",
    "        \n",
    "        \n",
    "        \n",
    "        iterations += 1\n",
    "        if(np.abs(L - tol) < precision):\n",
    "            print('iterations:', iterations,'\\n log-likelihood:', L, \"\\n tol test:\",np.abs(L - tol))\n",
    "            break\n",
    "        else:\n",
    "            print('iterations',iterations)\n",
    "            \n",
    "            print('log-likelihood:', tol)\n",
    "            print('error:', np.abs(L - tol))\n",
    "            tol = L\n",
    "        \n",
    "#         print('λ:',λ,'\\n μ:',μ,'\\n Σ:',Σ)\n",
    "# ----------- End While loop\n",
    "    \n",
    "    \n",
    "        \n",
    "        \n",
    "#     print('λ:',λ,'\\n μ:',μ,'\\n Σ:',Σ)\n",
    "    return λ,μ,Σ"
   ]
  },
  {
   "cell_type": "code",
   "execution_count": 11,
   "metadata": {},
   "outputs": [],
   "source": [
    "def fit_MoG(coins, desk, K, colour_space='hsv', precision=0.1):\n",
    "\n",
    "\n",
    "#------------------------------ Data Extraction-----------------------------------------------------\n",
    "\n",
    "#     # get channels from test_image:\n",
    "#     r,g,b,h,s,v, mask = getHSV_Image_and_Mask(train_image, train_mask)\n",
    "    \n",
    "    \n",
    "#     # seperate coins in each channel: Note this will make the image 1 D\n",
    "#     # coin data\n",
    "#     data1 = extract_coins(r,mask)[:int(0.01*pixels*r.size)]\n",
    "#     data2 = extract_coins(g,mask)[:int(0.01*pixels*r.size)]\n",
    "#     data3 = extract_coins(b,mask)[:int(0.01*pixels*r.size)]\n",
    "#     data4 = extract_coins(h,mask)[:int(0.01*pixels*r.size)]\n",
    "#     data5 = extract_coins(s,mask)[:int(0.01*pixels*r.size)]\n",
    "#     data6 = extract_coins(v,mask)[:int(0.01*pixels*r.size)]\n",
    "\n",
    "#     # desk data\n",
    "#     desk1 = extract_desk(r,mask)[:int(0.01*pixels*r.size)]\n",
    "#     desk2 = extract_desk(g,mask)[:int(0.01*pixels*r.size)]\n",
    "#     desk3 = extract_desk(b,mask)[:int(0.01*pixels*r.size)]\n",
    "#     desk4 = extract_desk(h,mask)[:int(0.01*pixels*r.size)]\n",
    "#     desk5 = extract_desk(s,mask)[:int(0.01*pixels*r.size)]\n",
    "#     desk6 = extract_desk(v,mask)[:int(0.01*pixels*r.size)]\n",
    "    \n",
    "\n",
    "# #     Use user-specified colour_space:\n",
    "#     if(colour_space=='rgb'):\n",
    "#         coin1 = data1\n",
    "#         coin2 = data2\n",
    "#         coin3 = data3\n",
    "    \n",
    "#         deskA = desk1\n",
    "#         deskB = desk2\n",
    "#         deskC = desk3\n",
    "        \n",
    "#         coins = np.stack((coin1,coin2,coin3))\n",
    "#         desk = np.stack((deskA,deskB,deskC))\n",
    "        \n",
    "#     elif(colour_space == 'hsv'):\n",
    "#         coin1 = data4\n",
    "#         coin2 = data5\n",
    "#         coin3 = data6\n",
    "        \n",
    "#         deskA = desk4\n",
    "#         deskB = desk5\n",
    "#         deskC = desk6\n",
    "        \n",
    "#         coins = np.stack((coin1,coin2,coin3))\n",
    "#         desk = np.stack((deskA,deskB,deskC))\n",
    "        \n",
    "#     elif(colour_space == 'rgbhsv'):\n",
    "#         coin1 = data1\n",
    "#         coin2 = data2\n",
    "#         coin3 = data3\n",
    "    \n",
    "#         deskA = desk1\n",
    "#         deskB = desk2\n",
    "#         deskC = desk3\n",
    "    \n",
    "#         coin4 = data4\n",
    "#         coin5 = data5\n",
    "#         coin6 = data6\n",
    "        \n",
    "#         deskD = desk4\n",
    "#         deskE = desk5\n",
    "#         deskF = desk6\n",
    "    \n",
    "#         # Stack the data into a matrix with 1 row per channel and num_pixels columns\n",
    "#         coins = np.stack((coin1,coin2,coin3,coin4,coin5,coin6))\n",
    "#         desk = np.stack((deskA,deskB,deskC,deskD,deskE,deskF))\n",
    "\n",
    "        \n",
    "# --------------- Modelling -----------------------------------------------------------------------\n",
    "    print('coins shape',coins.shape)\n",
    "    # Get MoG for coins:\n",
    "    λc,μc,Σc = EM(coins.T, K, precision)\n",
    "\n",
    "    # Get MoG for desk:\n",
    "    λd,μd,Σd = EM(desk.T, K, precision)\n",
    "        \n",
    "        \n",
    "    # Calculate Prior\n",
    "#     prior = coin1.size/r.size # ratio of coin_pixels: total_pixels.\n",
    "        \n",
    "        \n",
    "    print('λc,μc,Σc,λd,μd,Σd',λc,μc,Σc,λd,μd,Σd)\n",
    "    return λc,μc,Σc,λd,μd,Σd"
   ]
  },
  {
   "cell_type": "code",
   "execution_count": 12,
   "metadata": {
    "scrolled": false
   },
   "outputs": [],
   "source": [
    "# # asdf = fit_MoG(t.T[:100,:], 2, 0.001)\n",
    "# λ,μ,Σ = fit_MoG(t.T, 2, 0.1)\n",
    "# prior,λc,μc,Σc,λd,μd,Σd = fit_MoG('Training/t1.jpg', 'Labels/l1.png',2, 0.1,100)\n",
    "# A = fit_MoG('Training/t0.jpg', 'Labels/l0.png',2)"
   ]
  },
  {
   "cell_type": "markdown",
   "metadata": {},
   "source": [
    "# TODO: \n",
    "## 1. Get all coin and desk pixels from 100 images and concatenate them into 2 datasets (coins and pixels)\n",
    "## 2. Check distributions for different coins in report\n",
    "## 3. Do edge detector to improve results\n",
    "## 4 .Do diagonal covariance"
   ]
  },
  {
   "cell_type": "markdown",
   "metadata": {},
   "source": [
    "## Try dask for loop\n",
    "https://pythonhealthcare.org/2018/11/25/99-parallel-processing-functions-and-loops-with-dask-delayed-method/"
   ]
  },
  {
   "cell_type": "code",
   "execution_count": 13,
   "metadata": {},
   "outputs": [],
   "source": [
    "def Bayes_Formula_MoG(coin_dist,prior,desk_dist):     \n",
    "        Pr_coin = (prior*coin_dist)/ ( ( (1-prior)*desk_dist) + (prior*coin_dist) )\n",
    "        return Pr_coin\n"
   ]
  },
  {
   "cell_type": "code",
   "execution_count": 14,
   "metadata": {},
   "outputs": [],
   "source": [
    "def stupid_classify(Pr_coin):\n",
    "    return np.greater(Pr_coin, 0.5)"
   ]
  },
  {
   "cell_type": "code",
   "execution_count": 15,
   "metadata": {},
   "outputs": [],
   "source": [
    "def accuracy(test, mask):\n",
    "        return (np.sum(test == mask)/(test.size))*100"
   ]
  },
  {
   "cell_type": "code",
   "execution_count": 16,
   "metadata": {},
   "outputs": [],
   "source": [
    "def test_MoG(test_image,test_mask,prior,λc,μc,Σc,λd,μd,Σd,colour_space='hsv',accuracy_check=True):\n",
    "    \n",
    "    # get channels from test_image:\n",
    "    original = cv2.imread(test_image)\n",
    "    r,g,b,h,s,v, mask = getHSV_Image_and_Mask(test_image, test_mask)\n",
    "    \n",
    "\n",
    "\n",
    "#     Use user-specified colour_space:\n",
    "    # seperate test image into channels and flatten them:\n",
    "\n",
    "    if(colour_space=='rgb'):\n",
    "        data1 = np.ravel(r)\n",
    "        data2 = np.ravel(g)\n",
    "        data3 = np.ravel(b)\n",
    "        data = np.stack((data1,data2,data3))\n",
    "      \n",
    "    elif(colour_space == 'hsv'):\n",
    "        data1 = np.ravel(h)\n",
    "        data2 = np.ravel(s)\n",
    "        data3 = np.ravel(v)\n",
    "        data = np.stack((data1,data2,data3))\n",
    "    elif(colour_space == 'rgbhsv'):\n",
    "        data1 = np.ravel(r)\n",
    "        data2 = np.ravel(g)\n",
    "        data3 = np.ravel(b)\n",
    "        data4 = np.ravel(h)\n",
    "        data5 = np.ravel(s)\n",
    "        data6 = np.ravel(v)\n",
    "        data = np.stack((data1,data2,data3,data4,data5,data6))\n",
    "\n",
    "    \n",
    "    \n",
    "    \n",
    "    \n",
    "    # Get predicitive density using parameters generated by the user-specified method:\n",
    "    \n",
    "\n",
    "    # Using equation (7.52) we sum over the  k parameters (liklihoods of each world state)\n",
    "    # initialize the arrays \n",
    "    coin_dist = stats.multivariate_normal.pdf(data.T, μc[0], Σc[0])*λc[0]\n",
    "    desk_dist = stats.multivariate_normal.pdf(data.T, μd[0], Σd[0])*λd[0]\n",
    "    \n",
    "    for k in range(1,len(λc)):     # len(λ)= number of Gaussians\n",
    "        print('len(λ)',len(λc))\n",
    "        print('len(μc)',len(μc))\n",
    "        print('k',k)\n",
    "        coin_dist += stats.multivariate_normal.pdf(data.T, μc[k], Σc[k])*λc[k]\n",
    "        desk_dist += stats.multivariate_normal.pdf(data.T, μd[k], Σd[k])*λd[k]    \n",
    "\n",
    "        \n",
    "    # prior\n",
    "    teepa = Bayes_Formula_MoG(coin_dist,prior,desk_dist)\n",
    "    nala = np.reshape(stupid_classify(teepa),r.shape)\n",
    "    see(original[:,:,::-1])\n",
    "    see(nala)\n",
    "    if(accuracy_check):\n",
    "        acc = accuracy(nala, mask)\n",
    "\n",
    "        print(\"Accuracy:\",acc,\"%\")\n",
    "        return nala, acc\n",
    "    \n",
    "    \n",
    "    return nala\n",
    "\n",
    "    "
   ]
  },
  {
   "cell_type": "markdown",
   "metadata": {},
   "source": [
    "# Concat training data"
   ]
  },
  {
   "cell_type": "code",
   "execution_count": 17,
   "metadata": {},
   "outputs": [],
   "source": [
    "def concat_data(num_images,sampling_number,colour_space='hsv'):\n",
    "    \n",
    "    coinH = []\n",
    "    coinS = []\n",
    "    coinV = []\n",
    "\n",
    "    deskH = []\n",
    "    deskS = []\n",
    "    deskV = []\n",
    "    \n",
    "    coinR = []\n",
    "    coinG = []\n",
    "    coinB = []\n",
    "\n",
    "    deskR = []\n",
    "    deskG = []\n",
    "    deskB = []\n",
    "    \n",
    "    num_coins = 0 \n",
    "    num_desk = 0 \n",
    "    # loop through each image:\n",
    "    for i in range(num_images+1):\n",
    "    # Get coin pixels in image: Note this will make the image 1 D\n",
    "    # coin data\n",
    "        mask = 'Labels/l'+str(i)+'.png'\n",
    "        img = 'Training/t'+str(i)+'.jpg'\n",
    "        r,g,b,h,s,v, m = getHSV_Image_and_Mask(img, mask)\n",
    "        \n",
    "        if(colour_space=='hsv'):\n",
    "            teepa1=(extract_coins(h, m))\n",
    "            teepa2=(extract_coins(s, m))\n",
    "            teepa3=(extract_coins(v, m))\n",
    "        \n",
    "            nala1=(extract_desk(h, m))\n",
    "            nala2=(extract_desk(s, m))\n",
    "            nala3=(extract_desk(v, m))\n",
    "        \n",
    "            num_coins += len(teepa1)\n",
    "            num_desk += len(nala1)\n",
    "\n",
    "            random_samples_coins = np.random.choice(len(teepa1),min(sampling_number,len(teepa1)), replace=False)\n",
    "\n",
    "            coinH.extend(teepa1[random_samples_coins])\n",
    "            coinS.extend(teepa2[random_samples_coins])\n",
    "            coinV.extend(teepa3[random_samples_coins])\n",
    "\n",
    "\n",
    "            random_samples_desk = np.random.choice(len(nala1),min(sampling_number,len(nala1)), replace=False)\n",
    "\n",
    "            deskH.extend(nala1[random_samples_desk])\n",
    "            deskS.extend(nala2[random_samples_desk])\n",
    "            deskV.extend(nala3[random_samples_desk])\n",
    "        \n",
    "        elif(colour_space=='rgb'):\n",
    "            teepa1=(extract_coins(r, m))\n",
    "            teepa2=(extract_coins(g, m))\n",
    "            teepa3=(extract_coins(b, m))\n",
    "        \n",
    "            nala1=(extract_desk(r, m))\n",
    "            nala2=(extract_desk(g, m))\n",
    "            nala3=(extract_desk(b, m))            \n",
    "            \n",
    "            \n",
    "            num_coins += len(teepa1)\n",
    "            num_desk += len(nala1)\n",
    "\n",
    "            random_samples_coins = np.random.choice(len(teepa1),min(sampling_number,len(teepa1)), replace=False)\n",
    "\n",
    "            coinH.extend(teepa1[random_samples_coins])\n",
    "            coinS.extend(teepa2[random_samples_coins])\n",
    "            coinV.extend(teepa3[random_samples_coins])\n",
    "\n",
    "\n",
    "            random_samples_desk = np.random.choice(len(nala1),min(sampling_number,len(nala1)), replace=False)\n",
    "\n",
    "            deskH.extend(nala1[random_samples_desk])\n",
    "            deskS.extend(nala2[random_samples_desk])\n",
    "            deskV.extend(nala3[random_samples_desk])\n",
    "            \n",
    "            \n",
    "            \n",
    "            \n",
    "        elif(colour_space=='rgbhsv'):\n",
    "            teepa1=(extract_coins(h, m))\n",
    "            teepa2=(extract_coins(s, m))\n",
    "            teepa3=(extract_coins(v, m))\n",
    "\n",
    "            nala1=(extract_desk(h, m))\n",
    "            nala2=(extract_desk(s, m))\n",
    "            nala3=(extract_desk(v, m))\n",
    "\n",
    "            teepa4=(extract_coins(r, m))\n",
    "            teepa5=(extract_coins(g, m))\n",
    "            teepa6=(extract_coins(b, m))\n",
    "        \n",
    "            nala4=(extract_desk(r, m))\n",
    "            nala5=(extract_desk(g, m))\n",
    "            nala6=(extract_desk(b, m))   \n",
    "        \n",
    "            num_coins += len(teepa1)\n",
    "            num_desk += len(nala1)\n",
    "\n",
    "            random_samples_coins = np.random.choice(len(teepa1),min(sampling_number,len(teepa1)), replace=False)\n",
    "\n",
    "            coinH.extend(teepa1[random_samples_coins])\n",
    "            coinS.extend(teepa2[random_samples_coins])\n",
    "            coinV.extend(teepa3[random_samples_coins])\n",
    "            coinR.extend(teepa4[random_samples_coins])\n",
    "            coinG.extend(teepa5[random_samples_coins])\n",
    "            coinB.extend(teepa6[random_samples_coins])\n",
    "\n",
    "            random_samples_desk = np.random.choice(len(nala1),min(sampling_number,len(nala1)), replace=False)\n",
    "\n",
    "            deskH.extend(nala1[random_samples_desk])\n",
    "            deskS.extend(nala2[random_samples_desk])\n",
    "            deskV.extend(nala3[random_samples_desk])\n",
    "            deskR.extend(nala4[random_samples_desk])\n",
    "            deskG.extend(nala5[random_samples_desk])\n",
    "            deskB.extend(nala6[random_samples_desk])        \n",
    "        \n",
    "\n",
    "    \n",
    "\n",
    "    prior = num_coins/(num_coins+num_desk)\n",
    "    \n",
    "    \n",
    "    \n",
    "    if(colour_space=='rgbhsv'):\n",
    "        coins = np.stack([np.array(coinR),np.array(coinG),np.array(coinB),np.array(coinH),np.array(coinS),np.array(coinV)])\n",
    "        desk = np.stack([np.array(deskR),np.array(deskG),np.array(deskB),np.array(deskH),np.array(deskS),np.array(deskV)])\n",
    "    else:\n",
    "        coins = np.stack([np.array(coinH),np.array(coinS),np.array(coinV)])\n",
    "        desk = np.stack([np.array(deskH),np.array(deskS),np.array(deskV)])\n",
    "    \n",
    "    \n",
    "    \n",
    "    \n",
    "    return coins, desk, prior"
   ]
  },
  {
   "cell_type": "code",
   "execution_count": 44,
   "metadata": {},
   "outputs": [],
   "source": [
    "A=concat_data(100,1000,colour_space='rgbhsv')"
   ]
  },
  {
   "cell_type": "code",
   "execution_count": 45,
   "metadata": {},
   "outputs": [
    {
     "data": {
      "text/plain": [
       "(6, 101000)"
      ]
     },
     "execution_count": 45,
     "metadata": {},
     "output_type": "execute_result"
    }
   ],
   "source": [
    "A[1].shape"
   ]
  },
  {
   "cell_type": "code",
   "execution_count": 43,
   "metadata": {},
   "outputs": [
    {
     "name": "stdout",
     "output_type": "stream",
     "text": [
      "coins shape (6, 50)\n",
      "original μ,μ.shape [[125. 125. 106.  30.  39. 125.]\n",
      " [170. 200. 202.  92.  40. 202.]\n",
      " [255. 254. 231.  29.  24. 255.]\n",
      " [195. 200. 169.  35.  40. 200.]\n",
      " [197. 203. 199.  70.   8. 203.]\n",
      " [223. 215. 183.  24.  46. 223.]\n",
      " [252. 255. 251.  53.   4. 255.]\n",
      " [211. 211. 211.   0.   0. 211.]\n",
      " [173. 167. 135.  25.  56. 173.]\n",
      " [ 68.  68.  66.  30.   8.  68.]] (10, 6)\n",
      "Σ,Σ.shape [[[1529.74857143 1496.56816327 1532.78122449   59.32244898 -184.69632653\n",
      "   1509.45795918]\n",
      "  [1496.56816327 1620.49836735 1769.80897959  331.65102041 -278.26653061\n",
      "   1588.13714286]\n",
      "  [1532.78122449 1769.80897959 2099.48734694  639.66938776 -527.23510204\n",
      "   1685.00489796]\n",
      "  [  59.32244898  331.65102041  639.66938776  898.09183673 -323.46326531\n",
      "    252.27346939]\n",
      "  [-184.69632653 -278.26653061 -527.23510204 -323.46326531  487.97102041\n",
      "   -181.97877551]\n",
      "  [1509.45795918 1588.13714286 1685.00489796  252.27346939 -181.97877551\n",
      "   1587.21469388]]\n",
      "\n",
      " [[1529.74857143 1496.56816327 1532.78122449   59.32244898 -184.69632653\n",
      "   1509.45795918]\n",
      "  [1496.56816327 1620.49836735 1769.80897959  331.65102041 -278.26653061\n",
      "   1588.13714286]\n",
      "  [1532.78122449 1769.80897959 2099.48734694  639.66938776 -527.23510204\n",
      "   1685.00489796]\n",
      "  [  59.32244898  331.65102041  639.66938776  898.09183673 -323.46326531\n",
      "    252.27346939]\n",
      "  [-184.69632653 -278.26653061 -527.23510204 -323.46326531  487.97102041\n",
      "   -181.97877551]\n",
      "  [1509.45795918 1588.13714286 1685.00489796  252.27346939 -181.97877551\n",
      "   1587.21469388]]\n",
      "\n",
      " [[1529.74857143 1496.56816327 1532.78122449   59.32244898 -184.69632653\n",
      "   1509.45795918]\n",
      "  [1496.56816327 1620.49836735 1769.80897959  331.65102041 -278.26653061\n",
      "   1588.13714286]\n",
      "  [1532.78122449 1769.80897959 2099.48734694  639.66938776 -527.23510204\n",
      "   1685.00489796]\n",
      "  [  59.32244898  331.65102041  639.66938776  898.09183673 -323.46326531\n",
      "    252.27346939]\n",
      "  [-184.69632653 -278.26653061 -527.23510204 -323.46326531  487.97102041\n",
      "   -181.97877551]\n",
      "  [1509.45795918 1588.13714286 1685.00489796  252.27346939 -181.97877551\n",
      "   1587.21469388]]\n",
      "\n",
      " [[1529.74857143 1496.56816327 1532.78122449   59.32244898 -184.69632653\n",
      "   1509.45795918]\n",
      "  [1496.56816327 1620.49836735 1769.80897959  331.65102041 -278.26653061\n",
      "   1588.13714286]\n",
      "  [1532.78122449 1769.80897959 2099.48734694  639.66938776 -527.23510204\n",
      "   1685.00489796]\n",
      "  [  59.32244898  331.65102041  639.66938776  898.09183673 -323.46326531\n",
      "    252.27346939]\n",
      "  [-184.69632653 -278.26653061 -527.23510204 -323.46326531  487.97102041\n",
      "   -181.97877551]\n",
      "  [1509.45795918 1588.13714286 1685.00489796  252.27346939 -181.97877551\n",
      "   1587.21469388]]\n",
      "\n",
      " [[1529.74857143 1496.56816327 1532.78122449   59.32244898 -184.69632653\n",
      "   1509.45795918]\n",
      "  [1496.56816327 1620.49836735 1769.80897959  331.65102041 -278.26653061\n",
      "   1588.13714286]\n",
      "  [1532.78122449 1769.80897959 2099.48734694  639.66938776 -527.23510204\n",
      "   1685.00489796]\n",
      "  [  59.32244898  331.65102041  639.66938776  898.09183673 -323.46326531\n",
      "    252.27346939]\n",
      "  [-184.69632653 -278.26653061 -527.23510204 -323.46326531  487.97102041\n",
      "   -181.97877551]\n",
      "  [1509.45795918 1588.13714286 1685.00489796  252.27346939 -181.97877551\n",
      "   1587.21469388]]\n",
      "\n",
      " [[1529.74857143 1496.56816327 1532.78122449   59.32244898 -184.69632653\n",
      "   1509.45795918]\n",
      "  [1496.56816327 1620.49836735 1769.80897959  331.65102041 -278.26653061\n",
      "   1588.13714286]\n",
      "  [1532.78122449 1769.80897959 2099.48734694  639.66938776 -527.23510204\n",
      "   1685.00489796]\n",
      "  [  59.32244898  331.65102041  639.66938776  898.09183673 -323.46326531\n",
      "    252.27346939]\n",
      "  [-184.69632653 -278.26653061 -527.23510204 -323.46326531  487.97102041\n",
      "   -181.97877551]\n",
      "  [1509.45795918 1588.13714286 1685.00489796  252.27346939 -181.97877551\n",
      "   1587.21469388]]\n",
      "\n",
      " [[1529.74857143 1496.56816327 1532.78122449   59.32244898 -184.69632653\n",
      "   1509.45795918]\n",
      "  [1496.56816327 1620.49836735 1769.80897959  331.65102041 -278.26653061\n",
      "   1588.13714286]\n",
      "  [1532.78122449 1769.80897959 2099.48734694  639.66938776 -527.23510204\n",
      "   1685.00489796]\n",
      "  [  59.32244898  331.65102041  639.66938776  898.09183673 -323.46326531\n",
      "    252.27346939]\n",
      "  [-184.69632653 -278.26653061 -527.23510204 -323.46326531  487.97102041\n",
      "   -181.97877551]\n",
      "  [1509.45795918 1588.13714286 1685.00489796  252.27346939 -181.97877551\n",
      "   1587.21469388]]\n",
      "\n",
      " [[1529.74857143 1496.56816327 1532.78122449   59.32244898 -184.69632653\n",
      "   1509.45795918]\n",
      "  [1496.56816327 1620.49836735 1769.80897959  331.65102041 -278.26653061\n",
      "   1588.13714286]\n",
      "  [1532.78122449 1769.80897959 2099.48734694  639.66938776 -527.23510204\n",
      "   1685.00489796]\n",
      "  [  59.32244898  331.65102041  639.66938776  898.09183673 -323.46326531\n",
      "    252.27346939]\n",
      "  [-184.69632653 -278.26653061 -527.23510204 -323.46326531  487.97102041\n",
      "   -181.97877551]\n",
      "  [1509.45795918 1588.13714286 1685.00489796  252.27346939 -181.97877551\n",
      "   1587.21469388]]\n",
      "\n",
      " [[1529.74857143 1496.56816327 1532.78122449   59.32244898 -184.69632653\n",
      "   1509.45795918]\n",
      "  [1496.56816327 1620.49836735 1769.80897959  331.65102041 -278.26653061\n",
      "   1588.13714286]\n",
      "  [1532.78122449 1769.80897959 2099.48734694  639.66938776 -527.23510204\n",
      "   1685.00489796]\n",
      "  [  59.32244898  331.65102041  639.66938776  898.09183673 -323.46326531\n",
      "    252.27346939]\n",
      "  [-184.69632653 -278.26653061 -527.23510204 -323.46326531  487.97102041\n",
      "   -181.97877551]\n",
      "  [1509.45795918 1588.13714286 1685.00489796  252.27346939 -181.97877551\n",
      "   1587.21469388]]\n",
      "\n",
      " [[1529.74857143 1496.56816327 1532.78122449   59.32244898 -184.69632653\n",
      "   1509.45795918]\n",
      "  [1496.56816327 1620.49836735 1769.80897959  331.65102041 -278.26653061\n",
      "   1588.13714286]\n",
      "  [1532.78122449 1769.80897959 2099.48734694  639.66938776 -527.23510204\n",
      "   1685.00489796]\n",
      "  [  59.32244898  331.65102041  639.66938776  898.09183673 -323.46326531\n",
      "    252.27346939]\n",
      "  [-184.69632653 -278.26653061 -527.23510204 -323.46326531  487.97102041\n",
      "   -181.97877551]\n",
      "  [1509.45795918 1588.13714286 1685.00489796  252.27346939 -181.97877551\n",
      "   1587.21469388]]] (10, 6, 6)\n",
      "denominator (50,)\n",
      "numerators (10, 50)\n",
      "[4.90610182e-01 2.21272032e-04 8.34607976e-02 3.12762128e-01\n",
      " 6.86706553e-01 7.42197357e-02 1.01158474e-05 7.41843521e-02\n",
      " 9.10783529e-01 1.05849106e-05 2.57169124e-04 2.83474060e-04\n",
      " 2.57169124e-04 3.17885891e-02 6.14250705e-05 2.73208953e-05\n",
      " 3.56422321e-05 5.00186512e-04 2.57169124e-04 2.97984082e-05\n",
      " 1.83143864e-03 1.90658497e-03 4.87620618e-05 1.22296018e-03\n",
      " 9.56098938e-03 4.41917289e-04 4.90847465e-04 3.42981860e-03\n",
      " 7.36967774e-06 1.08595858e-02 3.37550986e-03 3.96523822e-04\n",
      " 2.26559317e-04 1.35667171e-03 1.46597133e-03 1.29222955e-03\n",
      " 2.25428366e-03 3.78537153e-06 7.01726916e-03 2.83938972e-03\n",
      " 7.53911122e-04 4.00788121e-06 4.36830124e-03 2.11925532e-03\n",
      " 2.93042319e-04 2.42172118e-05 1.01466855e-01 6.10021639e-03\n",
      " 3.13818210e-03 3.49284963e-03]\n",
      "2.838256499810457\n",
      "rsum [ 2.8382565   5.98306496  1.97672165  1.23486596 17.06217078  4.95853156\n",
      "  7.71459882  1.89793923  5.14423892  1.1896116 ]\n",
      "before λ[k] 0.1\n",
      "λ[k] 0.05676512999620914\n",
      "μ[k] [140.14403105 140.02717841 119.05993919  32.8917559   40.61638249\n",
      " 141.26392546]\n",
      "before λ[k] 0.1\n",
      "λ[k] 0.11966129929671342\n",
      "μ[k] [187.67093902 214.07487967 214.09803082  90.32933232  33.90270284\n",
      " 216.10039102]\n",
      "before λ[k] 0.1\n",
      "λ[k] 0.03953443305529102\n",
      "μ[k] [233.885065   234.69645076 218.39809084  40.92439649  21.46865411\n",
      " 236.41345793]\n",
      "before λ[k] 0.1\n",
      "λ[k] 0.02469731925989116\n",
      "μ[k] [195.01650333 201.06515266 175.28126172  41.58414032  36.33128465\n",
      " 201.68374195]\n",
      "before λ[k] 0.1\n",
      "λ[k] 0.3412434156871136\n",
      "μ[k] [186.16567631 192.80041164 189.51051797  77.66547647  12.46480864\n",
      " 193.65440593]\n",
      "before λ[k] 0.1\n",
      "λ[k] 0.09917063128331684\n",
      "μ[k] [203.69656792 192.66893038 162.7458816   30.28564683  55.06005367\n",
      " 205.5814225 ]\n",
      "before λ[k] 0.1\n",
      "λ[k] 0.15429197638556777\n",
      "μ[k] [230.11810859 234.23051664 229.58115798  61.18467501   9.89131156\n",
      " 235.12219401]\n",
      "before λ[k] 0.1\n",
      "λ[k] 0.0379587845836148\n",
      "μ[k] [185.03551526 181.77821324 178.8426985    6.91138734  10.40788106\n",
      " 185.05441603]\n",
      "before λ[k] 0.1\n",
      "λ[k] 0.10288477839856613\n",
      "μ[k] [168.19366712 163.53732312 137.36111037  33.05538278  50.89962485\n",
      " 169.91609336]\n",
      "before λ[k] 0.1\n",
      "λ[k] 0.02379223205371612\n",
      "μ[k] [79.12924923 79.27201937 76.77710903 32.33001052 10.07205144 79.86400007]\n",
      "iterations 1\n",
      "log-likelihood: 1000000\n",
      "error: 1000893.6503028384\n",
      "denominator (50,)\n",
      "numerators (10, 50)\n",
      "[9.09961173e-001 1.62802657e-027 4.29861719e-001 5.55880674e-001\n",
      " 9.61669363e-001 4.81853640e-004 5.23729819e-015 1.56031163e-002\n",
      " 9.95219041e-001 8.09283355e-010 4.96725532e-027 7.25682276e-008\n",
      " 4.96725532e-027 2.67787929e-007 6.74996548e-006 8.58363817e-012\n",
      " 8.70922054e-040 1.20099040e-030 4.96725532e-027 1.19941545e-019\n",
      " 3.66187303e-009 7.98851025e-013 3.18935325e-006 1.62077280e-038\n",
      " 3.39099552e-017 5.54398937e-036 6.06321497e-064 8.10632005e-036\n",
      " 1.13312596e-135 3.23163040e-019 1.27914535e-013 4.52338485e-009\n",
      " 2.60899484e-006 4.87483543e-011 1.54463404e-013 9.25416253e-018\n",
      " 1.87102292e-013 2.93058473e-058 5.17499263e-013 3.35508891e-024\n",
      " 3.95937389e-016 2.80471798e-022 1.54426691e-014 6.57901957e-024\n",
      " 2.14791233e-009 2.69374205e-009 7.38793534e-003 6.91624979e-012\n",
      " 1.86000989e-008 2.56206970e-008]\n",
      "3.8760778216158496\n",
      "rsum [ 3.87607782  7.52022428  1.87356222  1.0504412  15.96487172  4.93985937\n",
      "  8.49815373  1.99985717  3.25499438  1.0219581 ]\n",
      "before λ[k] 0.05676512999620914\n",
      "λ[k] 0.077521556432317\n",
      "μ[k] [142.04264832 141.67051697 119.20619615  30.00374482  41.42516415\n",
      " 142.65711238]\n",
      "before λ[k] 0.11966129929671342\n",
      "λ[k] 0.15040448559240585\n",
      "μ[k] [187.74481391 213.96674649 213.43908899  89.73883409  33.26941429\n",
      " 215.69518508]\n",
      "before λ[k] 0.03953443305529102\n",
      "λ[k] 0.03747124439239388\n",
      "μ[k] [240.40273178 238.80123126 218.94762118  31.54707964  23.95741094\n",
      " 240.94743937]\n",
      "before λ[k] 0.02469731925989116\n",
      "λ[k] 0.021008824095921027\n",
      "μ[k] [194.536623   199.68765629 169.739369    36.46628618  38.97273104\n",
      " 199.75361586]\n",
      "before λ[k] 0.3412434156871136\n",
      "λ[k] 0.3192974344672257\n",
      "μ[k] [181.58331491 188.30621848 186.11649495  80.47766211  10.03081967\n",
      " 188.66078652]\n",
      "before λ[k] 0.09917063128331684\n",
      "λ[k] 0.09879718746103691\n",
      "μ[k] [204.65678948 189.27544788 155.33046721  21.69431255  62.01302295\n",
      " 204.76040073]\n",
      "before λ[k] 0.15429197638556777\n",
      "λ[k] 0.169963074592879\n",
      "μ[k] [233.47357516 237.32655009 233.31050794  62.26477272   8.14941552\n",
      " 237.99331572]\n",
      "before λ[k] 0.0379587845836148\n",
      "λ[k] 0.0399971433008198\n",
